WALKING 1 607.830667 363.710773 200.000000 65.615742 
SITTING 3 52.475095 
SITTING 3 55.608181 
LYING-DOWN 4 40.266790 
SITTING 3 41.267657 
LYING-DOWN 4 33.504210 
RUNNING 0 432.596641 572.995754 200.000000 250.014923 
LYING-DOWN 4 48.975269 
STANDING 2 45.438766 
LYING-DOWN 4 47.937631 
STANDING 2 30.753286 
SITTING 3 35.637296 
LYING-DOWN 4 30.814781 
SITTING 3 38.632408 
STANDING 2 32.442955 
SITTING 3 54.007536 
SITTING 3 39.600708 
SITTING 3 35.401403 
STANDING 2 35.784254 
WALKING 1 759.698241 201.515133 200.000000 33.983101 
STANDING 2 39.750867 
LYING-DOWN 4 50.457471 
LYING-DOWN 4 46.696747 
RUNNING 0 533.952685 143.315462 200.000000 108.839102 
SITTING 3 54.492289 
SITTING 3 38.128118 
STANDING 2 39.585591 
LYING-DOWN 4 54.852601 
WALKING 1 394.528318 372.457625 200.000000 72.822262 
SITTING 3 49.688943 
STANDING 2 52.461410 
SITTING 3 35.527967 
STANDING 2 38.600939 
RUNNING 0 588.400888 110.305502 200.000000 178.454202 
LYING-DOWN 4 57.740876 
LYING-DOWN 4 45.545629 
STANDING 2 33.834431 
SITTING 3 40.652472 
WALKING 1 428.909171 22.919040 200.000000 41.313957 
SITTING 3 59.577471 
WALKING 1 14.401678 87.201376 200.000000 25.179164 
STANDING 2 43.211814 
STANDING 2 49.109906 
STANDING 2 39.055931 
STANDING 2 50.398623 
LYING-DOWN 4 42.143842 
RUNNING 0 213.043978 182.077523 200.000000 135.546013 
SITTING 3 32.369240 
WALKING 1 171.695634 554.819764 200.000000 67.642000 
WALKING 1 751.510249 447.662451 200.000000 86.405481 
LYING-DOWN 4 54.171814 
WALKING 1 75.245735 1.671463 200.000000 40.108991 
STANDING 2 43.684602 
STANDING 2 50.929740 
RUNNING 0 37.238233 5.796403 200.000000 101.707731 
LYING-DOWN 4 39.348433 
SITTING 3 47.981307 
WALKING 1 137.450780 599.776669 200.000000 69.471922 
SITTING 3 40.395774 
STANDING 2 51.314954 
SITTING 3 52.640997 
RUNNING 0 394.540402 489.648018 200.000000 231.904581 
LYING-DOWN 4 59.538325 
STANDING 2 35.409727 
WALKING 1 240.143666 161.670705 200.000000 82.061707 
LYING-DOWN 4 50.379211 
SITTING 3 45.123869 
SITTING 3 47.575677 
LYING-DOWN 4 45.338265 
SITTING 3 31.016017 
LYING-DOWN 4 45.484254 
STANDING 2 34.705040 
STANDING 2 37.383512 
WALKING 1 672.596600 408.537582 200.000000 41.292774 
LYING-DOWN 4 51.246037 
STANDING 2 35.225809 
SITTING 3 45.366948 
WALKING 1 356.401467 159.974426 200.000000 53.705232 
STANDING 2 49.360423 
WALKING 1 5.934070 418.390829 200.000000 62.798767 
SITTING 3 34.609177 
WALKING 1 61.482353 96.789361 200.000000 27.868092 
WALKING 1 209.933954 202.877639 200.000000 63.029309 
LYING-DOWN 4 52.887490 
WALKING 1 76.158490 382.513641 200.000000 31.214443 
LYING-DOWN 4 56.131903 
RUNNING 0 194.992532 289.816396 200.000000 186.217528 
LYING-DOWN 4 49.290700 
RUNNING 0 20.540314 58.505017 200.000000 294.633815 
RUNNING 0 206.569703 499.302373 200.000000 167.231347 
WALKING 1 439.394276 6.839631 200.000000 48.255286 
SITTING 3 33.731616 
SITTING 3 59.719565 
SITTING 3 42.217045 
